8118
39716
15568
26430
8291
30101
13155
32703
34459
37404
22529
4200
11454
45656
7626
41281
26914
49790
3917
22132
5340
48076
242
38730
40848
43415
4229
19985
12994
39983
21564
45506
9095
13189
7281
6808
43435
28968
27477
7251
42619
31082
17540
25646
20079
3805
11993
6169
9195
11994
20849
2490
45090
47190
24522
24441
16874
44953
18448
5563
38968
19470
12078
20177
4826
6599
47041
47744
28726
2995
11731
17640
41003
779
2158
8446
32410
36533
32341
22517
27312
14800
37177
9441
34285
9169
18399
31231
38945
4059
46387
38718
24300
21759
22303
15296
25382
25494
40804
39665
32156
18899
40499
26592
17507
46853
43706
27454
31061
29293
10373
15036
23499
11507
42121
9724
11278
8524
11365
21739
15525
46059
21464
9227
45133
48866
21894
5551
12878
20390
29672
13084
30067
35470
11066
5864
14801
15903
21156
25328
4273
13095
39939
1467
46310
36414
24365
28846
11837
22880
48011
27263
25983
11552
24375
31111
33855
19720
18321
49243
1891
44118
45518
39682
4929
13058
16719
33877
6814
35943
5329
32580
24629
38821
35631
45029
44391
16656
34816
9864
1532
37072
24916
23914
45071
30385
30773
42813
40125
28732
9120
11959
44157
1438
24406
8372
48743
35498
24930
23466
2979
33965
2123
3568
25981
49936
40741
40710
35975
7471
32846
25826
48443
32315
39848
22598
21532
41089
4165
6639
8640
19467
41387
39992
3020
19880
26230
20752
32697
31259
14540
21489
781
48975
8328
5295
18539
9867
24373
16901
47354
45796
2631
36717
13398
21044
27264
46905
20790
48909
15005
34882
33153
26825
34731
33160
8870
6377
49697
8521
1632
27918
43864
33287
9480
18355
22920
48820
7787
42548
32068
18718
9503
21302
23975
6007
29317
11255
19131
28991
12528
14448
30685
13197
40987
48854
36307
17102
29040
5367
45054
43728
40652
12968
29548
1129
21143
15550
8035
8894
21024
4693
29750
23409
34589
34784
31735
1680
3429
15889
26384
32523
20260
40745
35696
48128
26404
16161
5257
30357
38694
21043
4522
13245
7642
13967
21867
26190
22727
43482
25737
46870
31678
47567
11963
33583
14364
33368
34526
3386
12661
11134
33167
41932
17112
38759
33537
344
29903
19210
45480
68
22966
21074
22889
38237
16016
38959
23405
1785
8739
35831
23509
7590
16939
30152
9526
36653
12061
45534
13361
37994
9372
14275
4531
28599
33915
27129
21132
31982
32139
33696
31551
46898
10375
35194
11728
5933
30134
22338
22763
32842
38215
17380
32844
20650
41765
41317
12728
30433
28884
49747
43149
13140
15783
5922
46611
32019
23783
31708
27018
32104
26975
35758
25914
49273
10851
5255
5448
3163
20066
22236
18143
37855
31133
38274
46246
48222
9528
6893
34517
4660
26048
26293
42685
24037
19508
33282
36741
25780
17240
7443
29050
12999
2213
37414
12039
21928
34085
17807
36489
19564
33866
34887
21921
980
16399
21028
49756
9771
49793
21304
43980
19385
38102
19662
40051
49991
18700
10708
39151
47019
16231
33249
21730
49985
38080
8292
42689
49020
25480
43790
29122
7672
9905
20157
37074
40879
39115
15778
26447
4463
5540
6757
33601
24519
9400
24510
7316
2731
42112
27752
46015
34486
28850
40360
43508
48945
36
42833
30320
48992
26119
23736
39658
11283
24653
44578
28440
41822
36551
28999
12216
32976
4140
30974
49993
36106
44069
48596
38047
28768
45923
28700
850
5988
42675
23960
41790
10366
27321
31158
1592
30406
17930
2460
24217
9529
6096
10170
7254
9358
2119
31413
13945
26636
34375
24683
26496
22016
6136
24248
42172
43206
13370
10314
27934
31657
20621
10190
46857
4066
5234
7030
8236
30695
28360
2584
46023
36014
36467
3143
42523
46177
48646
42446
38820
25373
8784
19701
6627
1536
46402
14894
14609
16456
23081
32027
1257
41608
27621
42194
17192
22038
2689
8757
32743
16348
44380
5845
48819
26674
34917
49362
14223
20478
22962
37729
40407
4959
8804
17765
2810
25774
16590
8682
10325
44692
33349
23135
45033
5144
36809
36350
27742
9101
29485
14813
6630
10503
44176
3537
11977
2663
21808
666
44282
9714
4618
15176
22512
5027
49121
16395
14680
3072
14724
2297
24944
37572
31141
4445
3999
38349
44657
26339
5394
40742
16686
14510
36819
520
2400
32950
29771
25955
35995
49547
38542
14211
34159
27459
19562
3047
38478
16655
29981
36557
5178
6316
27103
23932
43909
39397
36211
2541
3603
4374
39363
46492
33711
6521
35632
5449
5801
31588
16216
32232
36929
28750
36479
11583
36228
47839
42729
4260
18066
18202
33763
29472
38902
18124
10161
4280
38041
10143
19138
27193
11289
31633
23876
7490
38527
4966
14495
11702
26158
4517
19973
5174
49508
38643
14370
29733
47504
21308
34223
37342
21315
32288
5415
45988
9241
13116
39292
24018
37869
19507
13448
1844
33157
21158
22249
30032
2935
15556
49470
34291
6180
6417
4556
395
20835
32276
35590
26154
5366
31102
6236
6620
4862
7000
8290
9667
15632
15580
10715
12363
43944
34610
27353
9084
10442
3816
44966
34777
27450
15429
8186
30632
48607
8394
12691
19528
3650
33658
19802
48349
19791
30536
7602
18765
7935
37292
42848
17260
33721
14475
26103
40942
29389
16497
14723
22263
49752
17691
27460
36516
20872
21118
6149
1212
49627
15619
32143
47049
46005
49921
11830
37557
37331
36413
36561
5216
33506
22777
10437
4852
40483
8611
8048
32736
43959
25393
34538
7557
46858
26586
33407
1807
39767
36789
5915
25804
16017
26855
19605
20401
8889
12555
1019
45381
32119
45818
8042
45250
39039
28368
21622
12662
36939
11240
49581
37692
32971
35131
31538
20587
19198
40084
15596
40004
38752
41854
24835
31218
46694
21806
2957
42560
30996
17441
48951
11014
32037
29706
19018
6989
1244
20679
9046
49826
18187
41312
36044
28034
8689
46992
13030
49129
10991
18341
4304
31419
8873
2221
35492
17057
32422
18843
30788
1073
44681
39284
36599
39898
18813
30290
28240
26010
13503
12206
22162
11179
39466
48374
1481
26281
4281
39346
48518
3293
46077
902
33543
38441
26201
43422
44091
30701
6770
10689
8941
2061
5253
30232
46076
17387
20140
48264
46363
33179
48455
37598
16514
32477
11978
14494
33347
25881
20183
29545
36792
28608
27052
49017
25092
4058
35271
48823
17383
47601
16986
43448
22289
20266
10678
6167
15145
35583
