39146
34692
500
42160
46114
38547
2143
18913
35215
36472
11220
13458
33647
23874
31181
11827
8862
41470
38335
46707
5402
9116
4962
24483
9666
44774
4961
2217
27854
38605
15595
8952
16944
10509
25496
45288
31428
5082
19534
2739
25050
21575
49837
40548
24267
44684
6880
19489
46325
45831
35646
30890
17154
46753
6241
36492
32292
41612
19898
37450
41713
16111
27584
48895
27435
16507
30937
18015
37777
20673
24588
34691
48567
16371
41830
36901
47637
1604
17823
33084
14060
11509
35502
49986
29485
32970
2384
17416
22533
12032
35691
42733
14057
36488
6884
41759
6926
29358
18279
40261
25144
24436
43765
17628
22431
48076
2120
48545
9449
33287
29262
33684
18018
30948
40467
971
4194
48627
32495
11543
20133
6096
13397
12869
16549
7602
17364
6077
44096
4711
46382
19905
2374
17080
36703
39629
27176
34221
44560
2742
15148
2313
9755
35909
35987
43764
29041
3534
46002
39902
14262
27106
49090
35678
41821
21602
23464
27953
13420
37335
25119
32240
15345
6923
23706
18070
39277
38887
33317
6662
1084
27901
14997
46809
48875
14288
39903
44648
29774
44044
47018
27364
36290
28737
1298
22250
32199
25968
18552
46681
41321
42294
18562
29549
43460
46494
33296
10307
32567
3598
20261
33216
46499
40385
24134
37685
20773
48389
49194
43029
19369
22647
12290
39057
43955
45490
27799
29818
7420
44790
22427
10247
44784
37962
43928
14191
33513
33067
6122
20279
13709
35671
14111
44603
41138
19416
24783
34579
41522
30340
28604
16231
22717
35520
44006
35869
936
33576
21823
21788
5832
40532
16168
12257
17056
18696
27193
27956
19696
19810
25640
32709
47298
35931
49869
41375
6690
3017
4199
8160
16131
15012
591
26853
4752
7294
31387
42730
48441
28387
49564
27526
25633
16448
21384
24456
3541
44134
3223
21689
41094
19618
30499
40694
44053
46282
9491
12860
44627
29495
25046
30460
40726
26438
10051
22562
21271
48007
30816
34558
35788
17244
25694
27665
7785
27931
34524
21194
41550
36339
17893
22571
19202
38530
36479
21380
34465
46953
38957
35050
5440
19374
29354
22822
2510
11366
41431
787
42895
3887
33228
24845
10833
28390
49873
33331
29776
2789
2807
7581
984
21612
41320
30656
25828
42889
4860
45080
5372
25670
7115
27772
238
38059
42129
45508
48988
25077
13479
5010
25210
29068
37863
4127
32836
25660
8497
46575
29306
21871
46739
32550
49896
41665
26432
27486
33744
18224
11880
28726
43008
20186
5596
22024
14898
19917
41340
20028
19360
17886
6966
12910
4315
21303
12768
14765
21077
5921
24557
35035
12087
38933
3684
19538
179
10951
75
9389
7074
13299
8680
6883
29696
44673
46572
10974
23934
18647
25970
13138
3398
21634
8626
1304
47321
21349
47660
37790
375
33707
34990
31976
27376
10817
38278
11308
18385
44150
42437
19947
15765
30162
45100
45044
29316
16484
42266
21924
44805
1654
26382
35498
8891
16678
9307
15954
20011
27177
2424
27382
13619
11969
12051
7644
47368
46340
49957
36069
8715
17853
9357
70
15676
34646
30964
26895
21745
14239
24844
37708
37750
28525
37018
31963
6109
24976
17198
4571
7328
9818
33281
21366
34375
12718
493
26351
13836
46833
44863
19441
1240
33233
41432
48077
2827
22290
28828
33981
35602
32169
35971
18504
28780
5755
2862
48475
14099
29440
47601
9199
9558
16908
46150
19332
13523
7525
19649
18542
6494
21524
4536
30403
553
28357
39059
11648
22162
28161
3046
24548
31767
10950
41393
48018
41852
25025
13796
36918
11722
47333
30670
29681
8542
4476
12627
42445
45039
34588
35850
11372
28479
40071
19968
48856
4458
15870
25281
3005
35868
27510
26166
41019
42440
38994
15713
22352
37174
5438
5432
13343
25928
48058
35103
15415
14407
42014
45040
31586
12624
4390
41412
28889
46836
3025
28884
14091
40887
9442
21864
19438
40827
33434
10262
15718
6618
33164
28203
8392
7301
23515
44844
27271
1637
2670
39753
22293
18899
38990
17992
26288
35138
43026
16234
32098
48125
3760
28982
20437
15267
13031
37456
49123
9217
38558
9672
48978
39597
20943
35974
24600
39926
17600
3624
29168
44916
9570
21341
36969
1944
46694
37683
27577
9079
24573
25554
49052
42175
47479
33497
19912
46124
23658
11442
19554
34782
27556
37323
49101
47470
26395
47539
5712
2547
15017
28617
26190
44444
26661
21308
26765
35133
833
39494
7036
23597
12671
18205
32631
8371
13752
9781
9625
16120
43400
23229
19920
8844
47762
20091
41628
30334
18570
43236
38686
22922
40119
44280
21160
49545
29408
44452
34601
18607
36220
47015
26752
26618
15337
3520
8975
4591
22842
470
45082
31669
80
1507
10278
22418
6278
436
35818
17450
38445
21514
21509
2434
2455
4496
29261
11881
41439
42218
47456
24082
10857
11148
49697
37531
17122
49758
31484
45169
7964
35238
28450
21339
43536
19357
8820
31183
30723
16151
39530
49201
48289
6262
11440
1174
29903
5463
20061
43514
26982
18168
49388
21707
47058
6113
23173
42170
2145
34037
48174
13946
6592
33722
44749
30060
44282
9526
37120
17042
20601
7670
40293
30747
36335
39608
3317
46770
24481
37147
36520
40882
7706
22498
30404
45848
41073
44038
28652
28663
42045
1725
43542
20056
1799
36693
7622
7085
29799
12520
15945
19761
19986
18993
29984
8214
9255
4662
15895
37835
11517
36397
34059
40509
40700
14427
15213
25712
15995
40886
39826
27379
12931
33449
11491
22436
18905
26472
48732
37113
48177
11544
25976
2537
37190
29581
42115
48555
45666
20125
27
26576
10213
10780
16012
4723
36723
36770
26691
16616
40884
27145
47031
43852
17516
26840
17033
30590
39124
36631
6174
40387
1245
20356
35917
38370
18041
36576
43811
11919
6372
11058
17191
14102
45534
2529
29099
8006
41159
8234
24657
49054
17452
2321
10495
19533
16384
11277
45945
33533
47219
21500
46148
297
29954
39313
11441
45757
37455
40554
28143
38891
16152
10972
15334
28683
40719
14258
19755
42293
49549
48624
10001
40580
33157
12219
23344
19581
29406
39267
5163
40291
41253
17393
21098
28069
34373
36414
37169
19089
21058
46896
28100
41667
13558
30518
28853
47240
4221
24544
25577
4430
44353
43358
21527
38324
7287
30388
12783
21851
41372
9626
14901
23694
16564
39138
48398
7804
11617
34419
18407
47718
47649
31548
42149
19700
30969
48277
27419
45745
35298
23722
31313
43491
9745
19376
48608
19718
32281
44157
48761
32000
5321
1779
30280
27785
47119
36547
32453
25636
12737
47115
26462
1493
34104
25457
2901
43587
16177
11256
5589
15232
11193
31928
3249
13493
13806
43090
21760
37011
29540
38348
5587
47905
41543
2489
22827
15948
30852
11281
28388
29527
29366
21954
1744
25152
19961
5297
22512
22071
26976
39416
34300
42684
2564
10758
22497
46902
38659
22115
16321
48971
36252
24800
9789
20905
8261
36776
18026
46073
850
40556
30654
26357
31822
35544
4631
42924
713
14401
8808
45303
3344
28422
31163
31852
42283
2746
39946
25868
33955
10394
26569
34353
46764
21741
4185
2813
30777
38926
33794
16888
46286
25434
46626
3607
10128
37886
44686
38252
14452
7431
41444
38362
13244
11142
15696
40543
40181
27893
27948
13984
34167
38911
21583
21809
22759
13642
33002
44153
44389
36508
12735
33695
6450
6043
9334
7128
28583
3593
40170
35314
45225
24068
31990
43477
26307
13791
47666
1789
15940
47519
17833
15104
5914
44720
6625
16224
43825
24402
30047
28477
34096
1442
25778
1576
40384
16605
41338
12021
28391
45775
2343
2645
1017
33268
29224
5575
38866
30160
3437
3391
6647
38504
4519
49009
11898
5125
41889
34074
35808
31747
25197
15933
32294
5746
7221
975
47048
47343
6052
22809
32041
14164
36812
27231
20874
13042
36769
43823
35535
19850
45767
12466
26009
46566
13066
12205
45243
3354
14608
28854
9922
31012
49589
24469
31738
38813
11387
29300
5493
48942
40851
44893
24296
13542
31815
48832
24860
47491
49299
5429
14502
19330
20515
15189
33822
4487
19604
14394
14945
5154
28945
13786
7573
43
13828
26846
49418
2069
44086
6391
40626
39005
44723
6699
24597
19736
8465
28027
29538
10455
25334
48188
23871
33852
20047
1704
14271
39039
16884
4068
24899
17873
36018
25561
39183
39786
9236
6033
39982
31067
795
43629
25101
26519
29533
37029
41648
18648
4131
35733
16170
49117
18103
40321
8602
6314
42834
2156
33431
35720
21285
18495
47684
19426
21430
7641
15875
15292
43534
12030
15127
19904
34457
6999
42401
4056
22474
1489
36651
34065
10445
49921
27119
41389
27180
43873
20415
17429
23793
12459
45201
22711
12364
20982
34175
19576
8853
48689
28418
18176
10790
10659
25403
21084
36053
3436
41207
33065
6654
41743
9725
29536
26410
7901
285
37512
37186
20478
2772
28481
8475
35424
25979
12310
44580
36859
43119
48768
8929
35829
33867
37768
24399
20686
29711
41592
32604
25451
14529
34214
18551
27591
43145
40963
43675
45627
39624
76
161
4259
12675
1118
20610
16577
26305
44995
14508
16431
41753
16546
6718
24671
49943
18674
48887
30502
21881
23008
46125
4065
13598
21714
28539
42621
22786
21247
36237
22727
41801
22658
24191
23672
11150
4163
3281
43133
11328
41831
34556
42373
45536
6790
19128
47599
31303
43513
23413
694
30237
11225
25604
35190
29484
28559
21041
11858
20823
504
49807
46488
4641
1737
43004
11990
443
39542
6826
42691
4637
17112
28794
28394
32395
31441
21029
6789
36478
11737
31556
41590
4102
47151
1536
40521
40535
2428
26480
45743
15598
39113
29169
38294
38757
2413
13740
31690
23749
47172
36295
27537
14503
12425
42985
21668
39562
4777
41674
1350
43590
43627
25411
5836
8627
34230
40299
1699
36735
46390
16625
49934
16631
10499
38104
35046
13521
28229
20408
4471
1175
23805
13491
16470
13931
8289
19351
33805
9876
32286
21471
20998
8498
9368
29866
13039
27116
45766
34612
32904
46470
37557
49473
45917
2899
13022
47787
37401
23027
32978
20197
18416
10336
18550
1447
22877
16149
47251
26899
40978
19764
22375
40008
47989
25371
44803
35780
27474
46898
39915
46453
31291
18380
23074
44140
729
7593
22830
26285
48433
31851
43056
5315
21192
13569
47679
29463
12287
6426
26377
40057
40502
40324
9865
26346
42333
5863
49488
43532
10548
3734
22946
40397
22712
20022
24324
49656
6408
42106
49347
12840
41829
2820
22145
34932
16402
19410
25490
43246
37643
3364
13489
18351
41812
20313
11607
28902
23185
43445
45192
39545
34276
35934
43497
3164
16246
220
40032
24534
17706
10963
25857
14000
3314
4117
3313
19813
5972
21417
48349
17097
5817
27507
42287
16851
2036
6887
3711
35785
22064
49944
33788
27610
30379
42409
32003
49809
22592
6837
3301
34506
14885
32424
31519
25656
34544
24388
23576
24051
45207
18808
5667
11619
33081
49749
46851
10399
36720
28210
19464
24634
23938
31455
35912
14587
4336
39881
18816
37434
8668
5289
43699
42308
48264
41722
1790
26297
48155
48574
42164
3399
47665
44536
27238
20830
16312
34786
669
18059
44528
48388
22874
23966
14917
45882
47384
24785
47893
22000
20562
10295
9332
40178
35059
25562
39999
24699
26632
10297
28360
6896
49092
32963
49903
10603
19602
30385
26787
6162
8169
59
20173
23563
7718
32161
874
5780
45912
47055
1501
23819
41599
11718
40226
39228
30328
118
18313
43602
32802
18269
30468
11735
27549
47323
40958
13670
32898
17268
47569
4058
12072
39105
4078
25608
38586
35608
6836
21108
16891
23063
28309
7035
43624
30851
7860
49379
44886
37732
33039
22467
12549
27429
11992
15389
43877
42644
49556
44597
8623
24934
30205
43985
31983
18751
35643
39380
28917
4103
44420
2591
25385
5733
18312
39143
11762
42587
34317
18214
11993
12182
36943
2411
32996
48443
35950
47047
18488
12534
42241
38805
22202
4388
27165
9028
25596
17095
15158
34981
24828
38054
9850
32638
2536
38557
32658
45524
4415
43715
24543
29592
15215
3738
40928
6963
17832
29948
47993
24894
47652
10906
19153
33512
3119
35968
20228
39028
18266
15354
47428
34546
19879
4753
35331
48915
3561
5805
47206
23896
1088
2599
6783
42964
22404
26973
23780
3269
43160
13882
12943
28572
22884
17713
31522
45103
29829
13604
9872
21115
1320
42117
29329
9794
24995
2597
41440
21294
26342
27248
32702
17854
3769
21936
2309
35479
1836
45853
35674
45045
48269
11583
12498
36468
47725
17144
36172
5296
28687
20692
35105
12554
4564
48482
30749
6351
21756
31330
39723
14804
19331
42469
33650
11624
36493
13979
13331
304
18000
20987
14619
13974
11653
44976
41303
19079
23024
27131
23512
12961
47516
8826
41367
1577
15942
35945
30935
8132
45707
26081
12075
27774
43941
42986
23163
21254
14969
2665
36177
6341
17087
19003
42494
1029
40504
13830
12020
23439
34982
9730
10385
46842
28466
14611
46425
42984
9125
97
34147
41626
5684
1882
28698
28990
24775
371
33046
45373
41897
5442
17011
11611
26876
29388
14432
38276
38155
37457
16842
2613
33984
47609
7799
5454
43768
23098
40839
38830
8962
11859
2608
29196
37260
24503
1340
47473
24017
15920
8343
29990
27570
35995
7367
17106
6908
40766
16199
13195
298
38429
23840
25777
41732
34638
32014
8577
26380
45989
28560
38740
47168
42444
10252
1669
21617
671
22697
45564
11933
18516
20671
39799
39500
21702
18233
44344
35484
35329
45349
24434
37924
21659
40667
18702
35360
46756
25062
20591
9927
15491
5318
17971
15802
16385
39121
25459
24952
37070
5766
29944
16600
16024
27509
41354
9513
32189
43165
9540
14283
23768
42591
24002
13264
25558
27485
19760
717
33631
24253
18250
3117
17164
11216
48993
38937
18830
2573
17950
37078
7917
43640
15277
15783
9778
36702
3357
45443
7576
13708
32868
6760
24497
34501
44423
35015
35863
19485
11461
24912
10484
40283
31703
39031
49777
49142
14807
32878
47183
36813
39664
33760
47976
47927
23751
41359
3262
46299
4730
26151
19268
5126
34616
29336
37425
27086
38778
47928
45117
48638
24263
37699
22610
39607
15417
46645
13301
3490
35897
39716
44070
15632
38418
25721
22140
39213
45476
3653
33857
11231
19061
12816
39769
47546
31039
33627
44531
32847
27150
18196
30311
17354
19473
17614
22374
24045
43482
9866
16176
48999
23256
12528
27679
41938
2920
21055
4032
49515
25752
36670
11136
28044
21916
41102
31549
16899
16579
12118
45466
14241
7569
17251
35399
33693
33454
308
17872
43023
15199
28497
14218
5975
18538
39019
46817
41131
4009
49298
11274
15170
46968
26161
35748
40163
7970
43083
5024
35545
34795
34227
6374
21269
24273
25307
41006
32327
38435
25341
45589
3190
25830
13440
22938
32662
9939
29004
15560
42002
6370
4892
45731
7299
7282
7425
4280
21670
31892
39632
37674
33978
22534
33780
45669
24114
14548
37648
11275
11175
22154
29524
29330
5853
5909
13564
35064
19607
39506
44561
19022
2498
27221
35628
15266
23492
10569
44752
22984
25732
10540
4580
2876
39042
36754
9331
42641
32600
48406
47174
1615
20213
23343
27796
3976
31444
2501
26523
33912
23241
29415
10188
30750
18132
4948
17982
12524
11497
29664
24903
19681
10377
40877
40993
13525
29301
37110
45456
43777
18325
7751
37928
5427
47729
16943
40352
27742
27903
44065
27374
485
38521
28977
22844
12782
49788
22895
10826
2323
8062
12305
9425
28823
39192
38569
38170
33692
49148
37161
9703
47255
4463
30953
10244
11608
16165
9420
24112
45222
18775
27802
28851
33991
19103
47942
43776
35709
13589
37894
6798
23997
29043
33468
18234
34650
42188
47991
6580
41035
20057
19561
45598
35669
46635
11109
4584
18288
23785
27111
46422
23431
19060
47291
12413
31625
45828
31900
14225
25246
49265
42000
19223
14320
45171
21895
13675
4031
27666
47677
3483
27588
13644
17201
34438
40778
16535
45689
45299
9796
36496
29243
43650
28624
33354
35325
18297
11953
1756
22428
30640
13256
24599
11675
14136
30893
42330
40892
9976
18957
49997
12188
45905
29401
7859
48213
31134
25948
11940
1916
11087
17149
30074
46810
9842
35939
42072
22420
7552
38491
22622
5528
41563
30149
4626
43113
1672
1896
46912
32565
17881
23936
36231
2329
34447
33279
21778
27632
16095
8104
18945
43636
10732
17133
15404
3975
48372
39509
42911
34326
18173
14143
32811
41761
43851
3863
22897
6092
12002
41922
9316
5764
25787
14926
18122
37535
39793
32257
19774
30485
10158
29270
32015
28498
16425
17282
8138
37707
23360
16817
36742
11233
40047
38705
40112
17553
18170
40825
21992
27045
32956
45540
25895
30171
27058
43934
40932
8057
8476
11546
35624
9444
49576
33625
8321
40665
43086
45560
27036
26670
8378
24339
25986
7838
23400
25352
47580
29521
1257
15106
25249
15484
28524
17148
6399
43277
30338
31200
48164
35260
48281
24470
7200
18031
38876
8122
15630
45758
38176
10527
47332
3027
20149
19147
18956
5307
49292
29047
49190
10417
16766
12609
13804
8925
1092
21275
11539
41114
25021
43261
46089
27708
5639
43844
28091
48354
47336
49817
3358
43755
30382
4953
33131
18732
4026
10155
11778
10730
33258
35677
25893
26185
29830
46612
30004
28404
43002
27003
49425
45267
20811
28452
48656
32102
10069
3869
12987
41022
26454
21975
20352
36598
30921
31101
49171
20448
23884
17751
22715
16194
36740
18156
33639
22739
34470
44317
24454
42685
10321
41273
3918
22001
1047
38201
8478
7825
8591
32677
10110
14094
36308
23685
42974
2743
20642
27042
26702
38923
5967
14186
111
44932
36203
35494
6569
16508
7158
23468
38198
29896
32518
30212
34449
40612
29614
8537
27080
7733
42789
3662
15993
27422
22446
38029
25067
10741
33502
7027
31076
29936
10834
8612
7862
7072
9580
49267
761
45200
1223
45840
14055
24789
40704
42311
8930
31188
47825
46049
5103
8452
35234
2344
3374
23087
40107
48789
218
48193
40644
42897
39887
41468
35208
5552
24020
7974
39211
43780
8004
41690
18303
18053
12812
40939
34978
21131
33474
44540
8221
49136
30232
38137
40247
18781
5456
3796
17005
39089
48881
37303
30874
1243
37052
43499
23217
39323
6202
35823
43644
39259
12237
10050
24627
18738
22590
46850
47720
44539
23122
20648
36420
35072
20880
2508
4148
37609
30899
1534
26256
33923
5212
10217
38218
6543
41555
43516
611
17777
7915
48972
4799
1860
43966
45772
17009
30351
3211
9802
1876
22114
7079
46692
20121
44998
34114
27363
25449
33226
247
36854
43649
401
38834
36136
46954
10728
43299
30233
4968
12634
35966
37927
4918
22122
47264
43440
15087
40371
12240
41335
8871
35739
1502
30238
26686
17723
10012
37285
6854
23026
615
8791
22841
39448
48805
34459
32522
1633
48568
45708
5300
34972
48827
27960
23465
26721
20072
3596
13678
26412
29797
43786
45995
4412
31131
49457
22292
16763
47755
31564
45135
49732
37520
27788
42900
4765
13800
2436
23712
36134
13314
10605
15584
21317
34673
23979
17991
42573
45381
29541
6216
29071
18012
46596
48455
33199
25163
9090
32410
2382
8677
48678
48216
39472
5562
19295
5660
26890
44617
12056
46516
16445
9807
31290
45736
29263
2995
17556
7820
10874
2463
42367
37271
17531
39090
35416
29217
18519
48707
4183
16056
47917
21638
30320
24124
38254
4574
21784
27705
8799
28714
2449
27041
39558
23472
20621
7008
1338
35532
37382
48840
5418
17617
38918
39522
31235
45076
44276
47052
30437
22576
3132
42143
23345
36206
2843
12327
30562
6280
29973
18073
35938
30645
17910
14087
15969
43123
21416
20770
21318
44356
10290
41404
943
16042
35943
16090
29036
21259
487
28109
28225
48206
16084
23145
32922
41645
2592
4623
30481
35839
46337
5887
17100
31718
17629
40495
13700
6268
31546
9508
40727
35225
19671
21
7017
12847
40905
28194
15066
13336
20414
42370
43369
23693
29423
33720
1131
26954
2191
19811
21929
1071
3060
43305
25039
17197
17063
7103
7020
16446
15751
47402
22814
21785
6159
41534
31610
39133
30762
46099
47480
11728
29265
34120
47629
39813
49969
5825
141
7174
25026
23923
18050
14555
177
38185
29904
21004
11439
37627
38590
39910
21887
45457
39395
3688
11134
38284
19009
21840
44553
45182
35833
26903
42882
23200
7781
15268
13885
26140
3168
3239
7816
44349
37967
33257
45413
46731
46216
7033
44859
24831
3477
14600
41893
39066
120
29962
37586
11478
3010
12321
4816
22638
19605
17846
41489
19682
13287
2264
10261
11197
1379
32856
368
28581
19095
11652
30521
14987
4858
25054
7720
41318
31172
39648
49320
37742
29603
33224
32206
15015
24865
40831
2560
23402
20240
42280
29467
45960
47097
39302
21922
25493
8381
29663
45014
24967
22424
37100
4343
41170
192
23913
31713
26446
22366
14986
28118
42675
31898
44242
4640
23885
5155
25483
32187
6897
36333
18651
41971
14353
49476
49215
3879
44400
775
5366
590
10109
544
30013
24153
11477
9058
4254
17215
374
28152
22369
14397
34769
39199
12263
24019
20869
48837
39185
45876
29255
8473
5753
27083
15346
12529
25693
8436
31678
2610
1600
13383
3622
42039
39520
18477
7907
20098
19433
34017
18977
47196
42564
44403
16154
13552
41380
9809
6116
24294
42252
18789
10076
49588
49233
28133
17619
31026
36961
15566
32317
9517
44725
33210
7795
20660
29531
43380
24695
29225
31758
43060
7137
18929
14581
32365
41540
22888
37581
15230
25647
18136
49846
31531
38629
5143
13027
35794
10082
1598
20359
43679
12226
26566
16769
1261
23333
38554
12080
2149
47614
30801
15361
30742
616
33470
18235
1572
18928
33385
42937
45857
47526
41769
40342
37325
25865
19524
5932
30505
40256
12802
39145
3306
17654
12501
7133
29399
14745
44679
23235
34408
605
28201
26855
37608
30510
46885
42029
7099
8977
36839
2837
18160
13976
34192
4862
36909
36450
24795
11805
48334
29142
1159
2898
6044
20985
31304
39857
23210
2281
14617
29872
36608
13467
23180
38097
46964
24972
15407
19167
36956
15980
21535
17125
31629
26427
49290
22859
18548
22224
3108
19132
45092
36328
33922
35626
35203
39234
46819
45530
5190
18432
22896
12014
1730
45325
33793
6891
6888
32786
17727
3564
19114
6659
37158
43263
230
47085
31558
11802
47176
13677
1259
4348
37102
48294
36427
29013
38378
1638
18857
11615
22362
40950
13056
27856
1229
7223
38765
9068
38572
15721
31197
2444
34132
23219
43841
13474
17507
48041
44838
20105
3939
33306
23554
15252
47824
38846
11796
24836
20224
7336
27902
43553
5016
41811
49027
19859
7088
11507
20787
24753
16480
48284
40953
34099
18883
28065
29779
5929
23049
14426
26873
43820
19832
1549
43159
42952
16644
46614
36537
23758
26122
31797
4299
40512
47603
4494
39270
42217
537
24315
30192
17884
30143
35411
26725
29334
12920
38981
19816
29318
38683
12547
18606
25726
20604
4204
34545
1524
49551
1739
45277
24241
42206
17788
41036
11839
49334
41502
18494
28999
26335
41496
9943
189
40847
10914
49665
29731
14132
38295
40986
43846
18131
37165
7295
28996
32418
3992
24637
41204
12234
10895
38934
22982
7073
10708
30509
26104
13537
48766
33192
48432
19118
16797
36224
6290
41815
13433
23161
36322
31385
6952
32290
5988
46475
41082
23872
31489
45266
5823
34861
38326
36212
48639
19867
680
15079
6250
20879
26518
36696
19452
24676
42885
41651
25244
41744
48145
37458
15520
10601
38094
16136
7673
1313
44248
31510
39856
48994
31503
42486
11895
41012
42605
13902
3408
35536
3943
33746
20743
30156
7856
24610
29347
663
21781
41032
5288
20492
30534
13652
43992
32140
9581
25682
40698
25824
34823
41418
38963
6065
8762
7119
1348
431
27605
28187
42522
33946
13942
22935
47495
33910
5411
34519
37466
34480
15604
47374
21700
4046
38337
31733
12373
49380
8509
13881
19025
10946
9030
32627
8359
24162
13704
21407
42788
9992
57
41924
31449
23816
24145
4768
46092
16604
28912
18193
365
25214
23542
11416
2109
38913
2240
14629
36215
44948
27112
35965
33637
30092
30721
43389
24734
18420
30988
20365
6150
20302
25312
18265
18410
34721
24141
22666
4107
11598
20684
29479
32780
45859
43067
4270
44051
7529
44830
27582
11105
3257
13866
37579
3553
16379
6106
7314
2880
32417
4004
28488
8034
30085
23034
13146
38354
49563
43320
26
29572
350
4923
4940
16956
11070
15987
11532
17875
19443
29551
36357
12471
38959
34182
38133
8418
3030
28175
32382
5161
4432
27595
37486
37594
4137
33749
41710
48781
3272
11141
33772
1878
19593
24930
44008
9646
5376
29817
5011
45371
11464
27976
37676
38291
22564
35092
42211
41558
9890
25237
36194
8976
47230
21938
46818
12023
3921
13756
49058
47895
12433
35183
35607
992
40575
36803
14953
30849
13668
42874
13006
7794
34354
47261
30126
44556
14436
3533
36481
16848
26972
8459
3555
7091
38110
13877
17698
29993
37669
48846
17249
8757
29794
46837
48780
29428
27284
14995
45565
5687
33906
7224
20030
38342
16587
3522
49625
12626
47425
32231
22387
8425
4671
9293
6215
14920
43778
24512
11415
20144
49692
25226
28051
39747
17537
34489
46070
2686
15648
46832
17389
44780
27873
15579
42723
41361
39164
11829
13150
35905
32289
22676
44542
46749
45793
22585
23177
35385
17867
20866
6123
34909
26016
29853
36727
10152
39478
41632
13444
33402
15625
48037
7843
30554
24658
38146
12308
8113
19842
46829
36124
6019
2372
28868
46276
6274
31950
23723
24960
48619
36505
23086
12730
5512
40774
44621
43343
29348
4175
3445
8398
1467
33335
6637
29242
36317
26038
17358
37773
14023
14689
36088
23162
12005
33673
7499
42339
10223
3853
3397
35372
37583
34032
34851
44175
21441
36169
19425
43368
71
45091
26205
15927
25621
13782
7318
30569
31439
36408
47867
47299
15857
48834
42608
34735
13248
27849
48534
38868
49664
27366
3158
10023
39932
19030
30371
35984
11392
25466
10551
328
35207
1013
18057
11604
9385
30412
42001
327
34273
36716
41678
44742
45988
23830
37736
29247
43789
43468
44370
3101
20089
14734
48229
6186
36992
24089
43337
45359
18817
17041
10419
20474
12224
21072
19870
11921
6145
19242
23261
14888
31417
20335
19993
36384
37417
48307
36209
23000
25472
28937
4504
49080
28246
13995
35181
12264
1822
13609
25521
49314
31607
32925
25641
24463
40159
18032
21010
9557
34725
25071
16393
32144
5017
314
27388
30224
26595
41716
29160
24097
11909
2356
33554
7539
49703
11899
25081
24813
36123
46554
36096
44429
8279
42648
2079
11036
416
30778
41462
26233
7132
23023
26017
8635
14861
32809
25337
6527
17432
18174
26425
899
26463
42702
4905
33539
44455
48868
32965
13874
48511
2210
17655
16572
13178
37404
20637
36941
36186
12965
3138
2525
29195
46674
45822
19113
7062
24728
42903
30263
18074
11864
38818
46506
17264
3090
8320
26358
8517
13347
21136
15888
14569
47744
10804
1280
30137
7276
36734
18703
14989
34140
34155
7968
5388
7972
28711
47590
46847
48401
32683
41497
10006
39846
9699
38275
39310
23946
21841
40706
2986
23307
28398
45838
48788
1011
6366
35195
44350
17695
45430
14933
6281
49349
47642
28986
24769
14410
49725
6987
6271
32455
46914
5188
32045
8237
36741
23500
25075
9509
35866
24071
26105
19296
32964
3353
27192
39397
20517
29827
13876
27764
12753
36540
45877
43598
20310
20882
27411
38502
1436
8565
43112
43309
20701
37045
42436
30736
17016
18539
20052
31004
21249
43543
16208
15492
40919
24917
34224
5713
20705
3423
30297
32137
41966
30146
31517
38986
21371
20941
36809
37660
8704
1182
2604
6535
7835
28576
1358
21568
30975
5249
10784
13203
7894
14783
36568
13684
35404
25234
25321
33349
35309
41113
6315
36240
8652
1332
5822
6112
5864
42676
12475
43013
29120
39811
16754
45648
8554
24898
11646
13959
720
26804
43909
38768
373
28924
16395
47122
24672
18999
23589
40415
6822
19830
2702
17383
32945
4347
30428
49466
27298
6933
19903
589
10450
48666
23320
9814
15786
34095
18862
2552
17786
21635
37624
13848
37461
25789
48952
47939
46578
49621
9062
10901
35559
28137
6577
49366
48488
21076
32233
47535
666
3411
26936
20327
42220
4333
17111
24880
5097
41206
46360
41247
28728
658
14424
5105
28676
2775
30703
21752
13924
23522
32204
37057
14390
14184
15717
30347
47774
49999
39884
39673
7877
38715
43693
35071
39841
3079
29451
14762
29157
40052
45682
34907
7660
23664
28566
32500
13954
12010
41694
27998
4250
28573
8748
35363
39345
15188
6172
34837
14506
11493
9113
3150
25118
48405
34133
22172
17514
2804
47979
24749
18688
40989
2571
20182
47351
6107
24612
39001
9016
7087
2802
30072
856
13247
44290
34778
11090
31024
49261
28645
38974
40918
15848
22119
30901
32019
20961
16569
12750
3474
20220
7542
18134
49446
23251
41557
4189
45141
4393
47730
35701
27385
21182
49033
6062
13415
7582
14419
5001
37816
44154
47880
32089
1783
28009
30419
1700
162
6482
49341
48176
46247
23731
25792
15137
18787
18829
44697
2633
18019
35948
26994
14068
40962
4239
14497
40286
29862
31092
21530
6424
43185
40083
19871
37918
14772
16701
36094
48803
43217
77
13419
45799
20107
35862
41474
24214
45991
25547
34089
429
21648
11371
48866
43891
9486
23629
10245
25748
45302
5994
43327
5631
8460
29342
46844
3700
29918
1253
44703
24477
16969
32069
47995
17351
31440
27319
35174
26854
17072
38591
10248
36154
45220
49596
32226
30151
18822
22605
43048
43232
33243
17453
1828
26441
25614
16114
39916
28324
28300
13418
3396
13325
10651
15690
38472
7279
7166
23066
27355
7326
28811
38260
35464
12001
14272
8313
20289
14814
12690
42232
47418
17203
46439
3115
9310
32796
26069
9082
38224
19207
24689
23928
8396
48320
21033
1395
19714
25280
28944
1560
32164
7680
26885
27550
49560
2559
38718
17413
18107
14747
25160
13388
16589
15815
28546
30095
44930
42767
15872
45512
41642
13080
24948
49291
4087
11676
19342
26162
46891
9888
43781
19653
47088
23783
15004
19544
32501
41475
40289
46186
5437
40441
29563
1833
22848
40483
17464
13225
10599
9102
17217
26920
12153
28170
45943
4714
32999
29350
21482
42210
4373
27109
10575
1473
26237
38101
48795
37995
9279
28106
7880
13104
847
31732
43063
33879
47700
24522
12764
11082
12956
43556
10440
24303
45235
19633
6439
16989
35883
36753
40865
24437
36979
32031
1963
6607
10557
11160
49185
10634
48646
43016
15677
13446
18286
46103
34231
16266
5654
27897
16074
16409
3105
39189
20698
3517
47485
12736
47595
29909
9046
43375
30054
24461
39261
25171
977
21811
36503
33252
48336
45824
32449
20307
29798
34024
36350
1327
35223
25629
3447
49431
6036
49966
24435
3122
44635
11346
14253
13583
1908
23841
11568
18460
42780
41505
5483
26729
16243
32476
23640
11783
22264
38634
49409
8996
7108
16729
38921
30910
28627
6387
3589
48520
18980
22013
20779
23276
12282
10458
40591
41004
27241
16486
27012
30165
40362
3950
24323
19335
27846
25217
10197
4724
460
2678
14561
35162
15139
27949
44783
29230
24350
10483
33369
40093
38777
26930
29530
41263
19540
13073
28496
13328
47195
2153
44845
47636
27387
15680
32361
1272
3023
41793
3966
14991
23724
11126
24476
35200
23528
42006
6640
18790
12640
26960
49541
46184
14558
4443
7672
16732
1802
31962
48351
7852
2810
18329
46696
9140
39178
26943
47260
48502
20411
2624
4797
48015
39026
27716
1224
14534
20895
4469
25722
14684
20295
26028
3380
46905
13560
23499
47696
10885
41100
37183
20023
44219
26041
10563
36498
20323
11262
43015
6431
23080
43754
29189
27674
21147
26012
41021
16941
10305
19069
12322
20015
45868
24067
17353
45744
13524
18008
23303
2792
45890
5341
4454
40060
1512
37753
22828
47798
48938
48083
48706
46137
29381
20750
38857
11831
37066
14805
42341
10988
43050
22981
25397
44693
34677
14120
47949
1992
36560
18537
47407
23529
40118
18259
48651
4272
15114
6521
11018
17045
12161
9701
28494
35954
9382
49046
33524
24116
43601
25396
9793
38556
38745
14089
14703
37755
22141
48815
34967
19180
12589
14994
16496
35717
1749
32655
45538
12850
29516
10427
27947
3385
43433
27407
17245
1383
38525
49722
38087
22672
366
41283
18454
32897
6796
36617
40853
34941
34005
18203
31524
25398
26263
15495
31626
7232
78
25239
24542
24737
31187
41643
42392
40553
27125
41582
5259
15306
1659
24172
33096
8143
19139
4416
13617
35017
24105
34520
28680
40085
2734
7897
18690
33201
40072
1170
6182
19035
34309
23536
33855
7627
30186
27760
318
33212
44492
5760
16183
8580
32050
7987
44267
773
1795
36079
38565
25402
33825
23305
26281
8562
22583
2293
45789
15038
28295
48242
30199
30730
31199
35865
29623
23317
14880
41883
49096
22923
46359
11402
37908
24129
40799
15727
41926
41584
26347
49503
16450
12371
11934
10161
49519
40022
20329
25925
14150
44543
44089
43221
29858
32540
14974
23428
12255
47863
34859
3641
9935
9146
27963
32490
37378
857
45576
21018
46168
15254
2870
34102
49323
30203
24685
2314
13778
49288
41715
16935
27664
25195
37193
42884
48806
39763
25188
8710
9923
31601
26722
26253
49024
26048
4477
7467
47640
6555
30064
45475
16677
47678
17441
35807
17900
33798
13219
28646
39612
9390
21502
5065
46594
2874
3558
28057
18411
28577
46338
34166
43674
34968
41857
33071
11354
32179
31027
34596
33428
14249
22837
34581
25626
42664
7683
40578
33645
12806
28063
20704
5798
49337
43355
19777
26430
4971
8945
46375
44890
12202
48239
16037
6015
44645
22963
17345
11177
48262
17845
41408
22153
27234
225
26274
34752
29377
23618
46565
43014
14029
47382
12752
676
4217
14697
13662
816
7257
19844
34263
30442
48964
20548
41071
44183
49617
20624
40427
17270
26942
25034
37785
12729
29632
26905
29325
13850
14819
8414
4506
48723
15853
23931
46314
1269
31688
40420
38664
5330
42655
19692
39104
38620
15863
28182
38600
947
3439
16824
6669
1532
34922
14615
49945
7758
30182
39083
33797
10257
16027
16215
11944
15060
3890
20157
45037
1306
28434
2663
7559
46008
45495
280
12861
16810
6545
3335
20561
16531
36787
23985
36471
20543
636
233
7423
16329
32038
7120
12441
28768
12817
14365
6940
17295
39947
39591
17559
30124
11254
42361
27858
48699
4899
45641
12239
3183
46365
2218
30358
34853
35994
11823
39938
49849
652
15342
23792
27985
19918
36153
6464
43447
37160
15164
27467
13544
3985
23246
36778
34043
42227
14869
17372
6711
14875
24674
45226
7156
5226
17762
37039
8250
22314
5636
38517
34152
25143
17359
21837
39504
40311
22203
23575
40516
25773
34552
29458
20921
9795
26838
49162
8803
38384
5604
28749
19477
27279
32837
13510
1923
37198
49717
29445
39875
12209
44421
37142
35227
45102
24204
45253
47281
26501
34790
43957
35083
37960
21616
38885
14863
9145
22003
1399
36826
11766
30148
35324
49761
28957
10567
21245
41661
10734
9311
12129
34514
14749
26830
8194
3900
13748
10277
40439
41670
1428
26406
1959
18903
23201
37372
49784
11356
40230
34122
25024
39893
16373
15023
27519
3873
45408
8339
36036
32156
29996
40631
47502
24397
701
4218
22886
42337
37474
41559
43264
16563
14269
34812
9440
42626
49604
16259
49063
30784
31846
35565
26383
4327
24864
1925
33664
29311
26637
10093
31710
48412
15298
1465
37476
34220
22643
31405
35144
14694
40582
25619
12795
11860
39535
16265
6671
42026
28906
43617
8616
36802
21932
26236
2003
47218
46657
22120
2657
48422
45999
37454
26404
30679
28735
47747
42342
7863
21085
37393
22063
33841
7992
30699
40584
7228
19005
1867
10026
29565
38668
15304
1219
40171
20907
40399
14559
30666
784
22736
14728
14918
48311
33297
14820
28077
18440
46455
42561
27321
6688
45028
32211
4837
7165
13180
18792
47981
12207
36719
35159
12147
27306
4512
48601
15411
29689
13101
30172
17465
17378
9184
32123
36324
49181
22796
8570
26730
8793
18197
37815
46252
41029
16542
30950
26092
4480
18283
40982
2472
17026
10672
10103
15832
40949
22271
35593
15527
44814
42140
5901
3125
31285
41277
4834
28874
6479
30745
27717
1947
35347
43684
48451
47837
2172
9982
25737
26638
11191
49364
2671
41650
46204
14796
28833
22319
23514
16794
34048
12516
28751
40830
14647
36015
34872
5513
6976
18377
30430
29118
30103
426
5702
33815
37266
33063
41805
45741
9881
22566
34864
23126
27326
24708
32350
2815
45176
10182
14936
24413
32907
18248
22464
5715
47864
12962
49331
10638
11654
39442
25933
49762
27344
11098
4545
24171
19584
30588
33591
17671
25099
9100
41727
22683
45888
10141
42139
30488
48541
29050
34445
49641
22255
38852
17379
10735
12458
40000
48696
37712
16746
27986
1405
40669
20769
22985
33873
14867
27671
14455
13757
28557
19172
4556
10444
42944
30887
29144
14417
886
25211
1616
11705
8432
19857
33962
27746
13910
12909
3466
7604
31865
3961
48870
18985
3531
25276
47272
15349
47448
31287
26103
16656
17399
18921
18687
9676
21942
1771
24945
2180
38516
37975
14942
43005
42154
43647
6972
139
10964
15294
10309
33370
9981
19801
11460
15270
46312
571
5845
17134
46497
47565
41275
42799
16567
43462
5397
33582
25570
27413
21622
9735
6369
28029
35405
29548
20812
41669
26098
10011
47389
14152
48178
44030
11906
41105
30720
4211
10852
41224
21166
38924
34371
817
33993
30247
38264
25603
27613
4910
9431
1614
47654
49406
12674
21894
8020
41169
41450
26079
46
39809
30107
3265
43921
13868
49769
20345
25883
21056
24354
7735
25886
6831
19637
23698
20361
36759
43898
42843
32872
8819
1611
8319
48598
27685
16078
28049
39268
44704
12623
5534
23290
36158
13213
34699
19256
24255
43435
48231
49723
4236
39555
2584
49670
27781
16305
14080
35042
13293
26753
20348
12891
36654
25125
3114
11733
7532
24673
8906
21682
32112
42042
33563
49853
41302
49662
26728
42146
45107
39668
49127
21276
6500
13870
7551
26097
28943
15363
2373
2086
2468
3156
700
47593
32333
33106
1476
5184
11504
39304
42765
43732
15263
12866
8245
32693
31587
8317
19093
2015
28834
46852
37953
34542
19071
44374
2446
36038
4673
278
12102
41457
29652
16964
37681
29674
26741
19326
42264
36181
472
6235
21230
25529
12887
19298
17513
6045
41880
44312
36790
1827
18634
3334
13799
41575
37555
7635
23555
12966
39676
3586
34605
45063
31639
10202
9109
9504
47434
16783
27914
2056
10203
38433
45464
145
20429
36200
38299
13232
10374
36527
19233
22277
8155
49831
49147
45695
17137
36311
41896
39252
36932
30007
47464
10439
19074
1111
11803
43034
13736
25106
26857
39579
17392
30415
8985
2769
27324
30204
13034
25092
13887
35531
16048
30672
27803
42332
49231
26255
3683
23895
37132
1796
14459
31128
49510
21983
43646
18812
48508
20755
7065
6980
11780
49799
26727
42416
33924
25133
19754
12599
33003
47128
4693
32234
15558
25469
13114
31301
45290
31509
43875
3680
20536
4123
31800
39991
3798
22802
24234
30042
13145
26391
8711
28795
30617
20156
6920
48674
26131
47488
49040
5387
11017
41095
28720
33000
35538
2132
18180
31796
6102
27723
10824
36808
36663
19858
17303
42132
369
17463
21375
27085
3077
6260
28664
9572
5228
1900
7261
22393
37989
33565
5920
2853
29455
21124
46112
43903
14174
46846
19727
46512
8121
3728
9074
24478
28976
41124
1772
47977
19188
14265
3947
35477
17498
28691
24818
147
28516
45390
49455
20160
44523
35098
24565
1096
34732
11959
44272
30136
49616
16940
2878
43697
28929
10036
46259
10552
39492
9518
46556
39780
8486
46787
27031
25999
29133
11717
18547
44940
40781
20551
13405
47520
13429
12036
48371
7293
21607
47157
40533
6502
7026
31388
29515
15684
3965
47963
16306
34469
19562
4365
35233
43983
19782
23322
23028
27530
28267
8394
35047
8601
17984
10310
11905
389
40572
22741
20290
22885
14726
14532
43188
20706
32639
29278
34766
11916
47528
31342
8076
46495
7421
41647
31569
5874
37269
40701
24650
17428
48000
30653
46383
1256
41405
43509
34047
43212
21299
5598
20285
32432
29410
38167
33113
46874
12008
14695
44637
16855
3518
37793
19014
7521
198
28489
16146
47408
19272
22535
13108
20884
283
7492
13257
32496
25358
30607
35120
37184
5147
48040
32861
30643
48623
1680
8524
46095
28053
9494
3365
42784
9029
42898
26633
47584
22601
31100
11344
5012
23982
48051
13624
42447
48962
47263
17913
461
13530
6778
43353
19641
23781
11448
38487
45870
35914
18633
40131
48119
37971
15390
45352
26073
39741
5807
1848
17489
25973
40092
12814
23763
34075
14278
4162
19257
1278
48435
4873
8709
23110
44233
16288
43761
36885
30591
17126
24923
10891
31695
14966
48630
13175
13095
1022
7681
37508
28580
37315
11810
39030
9103
41999
18055
10007
35647
15706
21849
32566
47450
17186
44450
11565
34490
44826
24750
46385
26011
43019
33197
8091
22505
27876
37834
26132
43522
5633
12779
20766
5650
47685
7891
29256
14188
34414
23771
10043
29894
2146
24925
43250
15803
24320
40355
11317
36228
7629
38287
12175
36964
49408
45715
42577
11047
33875
35276
21669
39839
4403
5918
37340
821
31685
35525
49203
21256
15119
33662
12416
35857
7535
37562
40274
44061
2200
23855
424
36023
39508
30671
10588
25624
40824
38936
26361
34452
36355
24356
41
10931
18783
18727
38047
2950
14782
7705
10702
31637
48139
10323
6079
9601
45271
16444
28925
40668
45681
26301
43814
15852
28875
13683
38485
12848
48367
39411
21419
9007
1132
7403
13141
41766
34044
29249
36521
18287
30570
20910
35642
47987
37351
397
43257
49855
1466
6614
20832
38599
12315
34051
7407
31756
10716
3563
37033
29811
41597
42766
46476
39332
45189
38622
1046
5597
32152
16979
17092
26127
45051
16832
2473
29931
47138
3312
17637
18676
28615
9485
3528
20299
31621
26645
39078
10976
49470
10239
35150
30477
38114
30848
28682
19075
24418
42958
41526
46551
6752
18097
24054
1301
37592
38792
45651
9085
31297
45539
49165
7406
46119
38529
6189
40745
22
19032
495
10176
30655
30098
11502
14165
4051
1813
32917
14090
22625
41262
29001
20513
28150
45556
9983
34886
21796
48280
30731
48844
11059
3268
25532
29220
25484
23130
20484
14037
18680
33143
43172
11490
48150
5841
1550
46889
24392
10010
46934
29333
15344
22116
30093
25788
21926
33629
29679
13844
36040
28621
25428
836
36245
4946
36393
14621
18600
34372
6139
26333
49195
27558
2078
30236
11138
29913
15729
23462
9624
39196
16175
3421
1349
27138
40555
13854
32253
12512
5391
22253
16776
42349
12635
49355
45783
26652
24275
12117
6579
48409
1728
34684
17589
35910
42009
44318
2342
44277
27259
22015
24560
13381
32319
14568
38208
14438
34429
34808
2183
45296
41741
17926
14300
27522
37104
34088
23285
32071
31986
19237
48779
21386
47608
34493
5761
10287
5531
23094
2461
20260
42477
29492
37645
21453
44601
7919
41544
32687
41072
49805
8049
12533
46255
1914
12088
7375
49251
38993
48116
4337
34264
20244
29699
29514
18213
46181
27368
22691
8271
22118
47694
18140
31857
29654
41280
13306
14791
16722
1141
49819
24415
15791
18206
19965
13585
9752
5015
5794
40869
21267
32307
13432
343
26582
15444
28014
36522
4385
25400
49900
22529
19628
44223
49093
24149
27043
1311
46438
36175
17059
18880
3673
25093
37617
8937
4092
8119
28820
31605
27230
20207
13570
44390
24252
28638
5396
29081
29351
40124
35754
7691
40946
8619
9397
378
12974
11845
25297
17109
8047
16947
6676
35894
6467
49622
32347
44575
6142
45633
34870
2043
49611
19667
34621
15460
1102
44094
30650
23667
37491
48397
4459
41872
31843
608
29274
20930
1506
4941
43398
26199
47288
6129
22851
40089
26587
29730
46712
8921
1620
28585
21860
20935
37125
41596
32730
10635
29136
32712
25255
35429
39924
27466
826
7948
1162
40271
20871
34232
19680
21289
18339
38404
37650
27268
12593
12567
10579
30331
47498
35422
34712
10934
34466
27114
9974
16412
19515
21553
23275
14864
12552
30285
40206
25578
25531
46428
16045
19513
21927
39968
19405
49936
19773
23834
1784
44881
28898
8628
638
32838
24421
45985
27312
31595
38174
28651
5200
30706
19244
27576
27916
29183
2540
9641
7234
39936
22164
28963
28723
3513
9687
12229
39295
9860
10699
29084
27888
30259
44579
31273
846
25102
39592
3951
23846
40015
8583
22587
5457
46725
13533
8054
44306
30641
35489
29368
29633
22821
8125
21193
48299
35596
8726
44222
34714
15265
23541
30829
44773
27663
14
22053
24486
313
46068
35795
33302
33859
46972
6552
15138
27713
40030
4018
31734
49914
32521
19911
1943
36163
7082
4951
11669
13507
26030
29093
42408
45827
32529
11817
40961
45798
9308
27013
649
1869
7747
8614
30882
19016
36294
16738
35952
32126
25064
6901
22702
19862
16295
4011
11129
45447
16104
6285
13600
47998
35192
14685
37416
11508
33272
26141
781
30099
686
45380
37662
18529
47794
44811
9763
33659
12345
39649
12809
23007
14317
10185
23388
4628
5891
4059
13339
34849
22027
37155
44022
14013
47366
46532
15142
36850
11156
36173
24989
30844
14733
408
8258
21755
1049
23581
11846
29845
37776
1068
14631
18066
44643
3410
3111
38584
41538
16774
46013
23714
33940
34208
36989
34191
284
39413
780
1270
30482
23070
22478
21520
2823
9862
5023
42395
46155
2581
28339
14743
44270
27291
31972
34488
11529
18590
17213
26046
48428
48471
5638
10957
16204
42547
14605
38514
10175
9427
42429
40717
27325
21586
49273
32896
33577
1248
2255
44664
34229
26977
42062
6782
26396
44754
3650
37524
25282
12978
7201
14550
2896
27965
10460
32430
12801
17924
2399
1330
7991
11597
2844
14273
49209
46741
3084
38690
13344
25315
16158
46284
31754
37940
25617
29496
45062
9556
5622
7384
40136
1485
37610
22338
34560
19142
14823
32373
46543
23800
37994
35918
45221
18628
35420
6536
32401
46264
21467
24379
36394
42083
33775
44937
21455
46384
21794
3369
42782
43282
26365
3491
44767
23277
36572
27463
11613
4570
2595
26572
29868
11753
45855
15634
3519
2990
5173
44491
9360
10143
379
31057
48255
23578
31702
35218
16806
5814
8367
30761
28597
2565
16415
20980
33056
6320
20735
43809
33620
16815
10090
3449
3382
39590
8747
40833
14509
40975
14653
2717
26145
23718
38687
8596
33618
14846
41486
35679
30378
9178
48260
8971
47585
48517
36429
38863
14245
20021
134
13271
45670
11192
44188
38870
24340
11323
39604
2750
26717
40446
22030
40803
11609
22480
38860
9164
47353
5908
18673
46597
30035
21198
25996
3328
10302
1110
36091
644
23470
5111
25069
26529
31847
42795
39068
33347
4317
11989
38681
4744
33665
4369
32731
28219
32949
39718
7546
881
43498
20169
4639
3804
4915
45337
41436
12193
25525
36309
10436
30981
49867
13239
49972
16697
5093
41682
22080
21633
13851
8411
36752
46229
48376
23490
47285
11488
44651
13208
23736
16110
10473
43838
11133
40938
21190
18219
24178
44164
34358
37498
6819
3806
13337
25858
16128
45703
2437
42309
48817
26271
6303
1244
24368
1286
30283
9117
10867
40792
7748
47670
1714
13162
41149
11367
5195
25845
27460
37202
47344
2272
32313
36539
20497
3204
47287
8525
43998
17329
35178
6302
31174
6384
35659
23198
40876
3220
39711
15291
2856
44331
27619
17891
25364
14764
9261
1619
6532
15880
37277
18760
44921
16492
35590
32577
5347
3948
28070
16059
49270
26517
26422
44946
25764
20631
24514
41735
22041
14824
41765
42152
38079
31512
28247
31162
18526
16985
9265
49360
44815
40314
4531
43401
6964
22411
2972
441
3904
25804
2392
27954
24460
3145
10267
14921
47357
31402
18931
758
28950
37403
5946
34430
10744
43409
22538
39690
32664
17189
30476
20438
18734
40003
44719
33265
30344
48852
29414
16714
49412
27205
21120
2725
22223
13355
36280
393
8605
37368
42516
13487
14601
33949
24235
45875
3666
49731
26710
2719
31521
25601
44199
6821
31305
32114
37383
43201
7961
45836
13611
18752
48099
26535
39815
12174
10381
39050
49834
46033
3252
43667
5553
19572
18668
25655
5394
25401
5611
44587
18704
11500
42482
21905
18881
13088
19910
44112
7164
962
30041
25651
17538
45615
48102
38828
21062
39306
29820
29438
205
42668
17504
26617
46178
9160
23395
36552
48341
5308
49626
48222
6051
13580
38325
26018
684
13196
8173
47489
43187
45866
32370
30544
34843
32379
5115
16281
1193
66
307
7113
6378
21831
17741
25145
11734
42993
24776
5157
3337
1368
7127
22193
35616
12977
8100
2766
40040
10367
26473
8755
43386
31464
6611
34836
3987
41461
27644
12029
46329
1285
32198
45410
26188
30496
19629
32108
42961
44481
3878
44980
39858
35932
5816
27951
46492
6276
7823
47540
36227
36092
20898
33025
11622
40908
41886
3581
13952
11352
9138
32433
15441
44961
6986
37770
39985
48569
49663
17732
5170
40237
11428
37775
37840
32782
38414
715
40544
47690
12058
20634
41017
24013
11585
5464
6567
46621
18340
16735
17974
25963
18884
518
1458
16853
41379
22934
38544
13701
12280
37130
32914
16666
43685
17985
19704
17953
19231
29373
47313
30978
5500
20973
10973
42870
9620
40331
49377
7746
48842
12311
5801
7985
49106
12530
10022
27872
49620
3309
13076
9462
29352
29560
35955
23601
24076
22413
36250
18843
16186
25129
12880
4276
15702
9383
27146
32774
18151
26209
11782
20175
13286
34900
31356
6097
2890
22453
31386
35256
30402
37442
6878
49624
37201
19490
7898
30575
37265
33657
35552
22695
8847
47034
35562
9089
30225
36376
19876
19422
39740
26496
34000
44781
13557
15976
30312
8147
20661
5100
5907
49350
26598
43834
29834
22328
27501
32799
26050
21165
20460
4651
38625
18236
17999
42559
21513
40606
46602
31325
4930
32415
32263
22787
7142
39184
8779
843
25347
25589
49059
25122
30475
17196
25175
17936
5141
46584
23031
5362
3442
12197
28504
19252
21026
44316
3109
14233
14157
49983
31650
27224
37170
21555
15844
37205
10354
6913
27727
10768
6643
11650
12580
259
9632
28207
41315
10788
26062
40898
20717
48585
25130
22870
5470
47622
45728
10886
49815
45672
46504
21075
37611
39997
19456
12106
38970
47500
36906
8978
4821
5238
24152
19621
15738
31740
46542
29695
39091
34505
1686
40630
37341
26864
471
41092
16217
44616
21460
23197
40315
35964
20046
36904
16396
2077
49145
46548
19396
20523
29709
15445
39570
11279
31331
38207
24571
46546
42472
23401
135
6445
17129
9817
49184
13100
29777
24670
10057
2701
152
7952
20641
25902
5167
43408
13205
45378
17177
11866
26490
9238
27483
8134
3983
38570
23449
17545
4648
23216
4682
9919
5831
13790
14553
38997
37298
33173
3136
17631
16662
17342
49394
9995
4567
33585
1891
40295
33651
40320
32143
25533
41511
23615
20817
10627
8232
20683
29835
49826
14048
9247
14495
45963
26505
15874
37232
17901
37373
9415
33435
36008
17923
24707
3856
10519
24911
45742
38340
27824
20962
26628
3632
1722
48074
43181
2798
45297
2290
2859
43373
18422
1158
2094
43318
42506
26431
19979
4621
18261
37810
23725
30632
41122
24661
21096
22287
25417
49767
25178
30288
18246
27100
7414
36733
10556
14946
12719
49068
8066
4110
29074
4033
8363
25439
29738
37311
25252
36133
28322
32888
22486
197
8328
18383
23390
16138
27098
24535
32099
7323
45569
16033
40925
39202
37387
18579
31473
38082
15639
4879
21993
14290
35566
7806
45284
22212
3538
10088
26568
4659
46868
37247
20545
13130
31904
39954
27038
20318
18345
7809
49812
20433
36039
29986
42251
3766
4686
24090
19323
44992
1601
24242
26320
42611
6725
31563
33198
42111
21240
9964
8069
33830
2799
8201
40773
24058
24398
39735
4193
42590
37283
8959
6991
27024
7550
4883
15283
16831
3765
28593
22871
44105
8903
38422
27812
31085
15828
19853
4451
36946
18612
27936
44680
11947
24819
15493
33256
3083
41490
32435
44864
37151
36113
29155
36983
19463
15532
3479
49034
36345
13
28413
43186
17211
19907
16227
18891
1128
17772
4429
1811
23234
25537
30863
10739
30336
29792
21045
37286
32551
47898
31803
27859
40845
4898
36301
23716
5026
40515
47131
2612
48802
17108
26172
38371
17337
29705
40529
18184
26526
37633
36382
5966
46747
25920
32349
44144
15426
14242
19052
46640
31117
4098
41790
3435
32612
35413
18818
25260
49226
31673
24596
25518
35177
19070
36828
20595
47370
23454
30105
22811
32722
18623
38035
3621
41662
43366
23293
5965
34933
44099
17411
11399
41858
24260
28747
36021
8800
21133
46511
49055
31584
33017
16093
13266
20054
41750
6596
16488
44110
10139
26784
39885
7775
37907
23708
8073
45244
27157
13838
21740
1042
938
33275
4502
28703
48793
32979
29562
39436
12423
42674
23103
27335
39381
9366
47574
7116
46699
39860
7298
42541
11178
22745
32287
25149
13171
47171
47944
26078
11357
21431
36994
7266
47970
7553
42883
1314
434
40278
36972
43293
27904
40656
9177
3509
48737
46773
25068
18793
37993
143
21234
6021
21007
23652
44017
8620
14163
13634
25594
24604
45133
6934
27141
47354
16472
16493
28798
9896
39475
5656
21284
1734
13003
13392
39446
8633
46622
18501
34142
737
45318
22495
1901
21374
44969
20439
27444
21020
30850
39246
33238
43183
41813
38815
42058
31554
33419
33436
24772
13517
31111
19812
21437
48941
41983
7325
11668
49676
36320
20353
25201
48072
5828
43843
8112
2642
47545
39054
21619
6246
26869
41697
12984
27929
16502
9128
10013
16057
1402
45723
22936
44471
2785
24176
19770
27497
32652
48622
39933
22226
37980
26817
6382
2177
635
8162
21917
6141
49452
23042
40743
6771
6510
6804
43334
45701
18532
21181
44111
36658
5070
46993
2598
47244
2831
7690
31905
37257
49256
35054
9501
17783
15290
28887
39188
9049
31247
21574
31539
36549
9861
38987
1137
23300
36942
6936
17647
13568
23549
34306
16253
46971
48340
34364
33738
39613
7603
27808
46363
33989
28245
13694
1449
4993
11772
34759
37374
18662
46379
1411
35634
21918
40440
36368
6697
14656
2414
48426
18290
13549
37902
20504
29441
27551
34475
43465
31882
17021
2316
36081
40292
4857
21068
31311
41978
1413
18282
5386
40255
38952
48929
40756
46962
29104
15388
41553
18375
48931
22379
32571
24914
39224
26147
36400
5090
48854
40486
9584
37799
28012
30028
28401
32992
21935
31249
20855
37556
5127
35285
7256
43939
19021
25094
15077
16645
45845
39537
36377
25242
48387
26251
32172
37188
45916
4200
34279
17572
46219
46483
12278
12926
22750
22869
44507
24691
6677
17296
15275
3330
9784
41135
43152
32715
5600
22770
2237
27988
34013
37698
42187
12616
47415
43836
49240
41561
40870
802
14535
22113
30925
40110
28746
11307
39327
37529
18918
30315
23084
41089
16100
46564
36928
15963
30077
37726
41954
3376
1388
23663
394
8205
865
32745
7895
39346
31832
46301
17611
45532
28113
35475
43484
37065
34856
20050
20189
2709
18885
24608
4557
14208
10916
23970
17990
17152
2249
44487
44426
29290
27214
4931
5346
3230
30366
22971
48663
4392
10602
2245
27113
11463
29282
5389
21639
1905
4192
19365
29340
24829
8467
45396
28863
43415
33221
7357
9968
24551
35836
33790
24357
105
38980
32706
16485
36045
27832
10009
6959
35533
13484
13423
16517
46310
43612
28399
26543
33886
15623
4625
35456
29421
45994
30573
31089
22900
33035
27651
22074
28292
39393
25892
33782
7801
30991
44499
17178
32613
16498
1870
8298
1777
26356
10387
17316
7093
36462
14065
8464
32789
1019
1650
21843
45339
24825
24782
26540
37997
9044
36469
2022
33466
1353
43127
24508
8117
32805
8702
7195
25295
38773
27260
49984
37639
15669
1451
9373
37359
35797
47551
23104
55
5234
8849
34056
15971
13107
10789
49335
17639
7932
23373
43810
28234
14573
42565
10044
30812
16073
49326
15321
29135
14237
36112
47126
17889
16499
15358
18251
15661
3003
18128
24968
12551
16742
4167
19631
12041
46334
36396
8663
28135
6362
40091
20688
36679
43524
20461
24986
14377
21654
32787
11266
12048
14329
36035
3848
8510
12461
14465
41144
36455
43523
3241
606
7960
1091
19283
10016
37829
48546
46675
42525
21800
27389
24991
17256
4565
33575
44632
20938
33060
20963
12451
35432
2369
30040
37030
48013
19297
6331
49227
36014
20087
16736
5211
38031
240
7668
13323
2072
5948
29972
19821
13897
9736
47811
7628
45090
44106
44789
28609
47830
23839
44983
10850
10683
27813
21356
3162
2304
45204
46932
11683
27878
38995
31784
26126
30947
30668
45005
31744
16121
24856
10167
11922
804
47175
5830
16900
6292
45959
30346
44988
33686
9330
4399
27206
39179
33433
25583
49632
11390
48112
14382
41695
263
46776
13879
12521
26596
37795
36643
40912
3000
5327
40269
3712
28151
38108
5826
45684
43500
14063
9782
40383
34724
32588
36924
31996
34307
43569
30462
27253
42003
13841
37259
1333
28556
8568
33792
8956
4095
44851
4265
32760
37016
12818
11551
288
20331
40518
30250
12743
24613
32040
44764
23747
44078
28271
9965
14051
22356
2779
16825
9740
20041
33029
15488
21227
3885
37246
8515
15659
27053
31070
7098
21199
40772
28988
3310
43030
20122
47496
19943
6803
14777
36070
30486
17074
46507
3871
7434
38761
4139
49159
11850
3002
7976
17099
12000
28748
9821
39279
43278
6350
22744
32362
18175
40760
17876
12468
10097
39325
9130
16197
9197
44832
17130
40829
37281
22528
24405
3248
23598
36750
18962
43723
4283
26688
40571
27743
17534
26790
24088
30480
26218
20607
38369
24764
26136
28741
35213
15534
29126
21415
14871
17781
28121
9284
41477
39895
43129
13845
40741
32260
32502
45173
33176
47602
33958
5187
48019
29268
10151
21747
15629
32773
27423
44372
38289
23556
3287
16918
7399
40687
21270
47990
26493
19057
3903
48347
47692
6383
16282
36056
22026
22216
18081
7515
10189
44237
45585
22873
16963
41639
46160
41254
46502
10433
14635
32915
22014
24101
9447
4172
26327
40023
48552
7679
41330
42800
19658
19135
37094
17036
22219
48563
3237
20800
19881
34938
25083
4802
47964
6710
16292
21732
35721
26900
32146
5152
21428
36707
4461
25898
42213
16786
29080
44283
33048
26026
36641
25373
16921
26421
43182
3834
26002
38763
19437
24592
24130
9196
27267
6394
31580
8697
6906
29600
48716
6646
25522
10233
10731
34413
16211
4273
7912
14810
35657
24457
10531
49447
36183
36712
48100
10967
22580
44759
35043
9463
6860
1099
13148
22631
33605
32778
1005
15146
20049
18997
1710
44448
23557
48147
17757
5576
41182
31022
1448
10987
40587
42415
6233
36102
1288
4736
10226
30945
36590
9108
27426
45639
38647
48191
16041
38157
17797
6627
44054
27738
38034
38576
49280
45140
16456
1681
11970
1310
35196
17615
3788
5618
9858
9086
35322
31107
14038
15668
24216
46965
13582
34785
10818
38008
15871
27800
11198
1148
48998
40813
43022
24723
30553
42151
29608
34880
40351
41166
5950
13281
1181
28256
38999
29657
29970
7111
14462
23376
18712
33909
33165
13181
47159
27410
24209
5474
803
5096
9087
18267
21738
40267
48368
39845
2195
47390
47638
10980
38594
36676
7921
29836
41654
41027
12774
14182
16221
47383
12765
29193
38390
3577
42815
24229
42620
41064
49789
1484
27200
34496
42224
14664
10492
17580
44809
49048
5287
8841
36291
25257
16179
14470
26265
29778
29720
38915
47104
17240
377
28584
46737
22941
956
41791
40157
8196
48677
14662
18733
44766
31720
18414
12069
14556
19590
17511
28370
27405
289
3216
47885
31561
33152
45164
14815
36019
10191
2693
29511
31119
36454
31118
41808
21743
38943
39689
21188
34299
36434
37780
18571
30800
38084
41892
48893
46631
33826
40066
14999
6935
33388
23814
39000
46003
10289
27508
37086
25027
13085
19895
16528
3413
24006
35641
22438
12149
41456
32205
31454
24286
22594
12157
22205
40204
19600
44865
19462
30260
47913
10079
47437
28724
34682
31978
30106
4245
21112
34308
34185
15313
11033
5086
43170
22496
354
16861
17796
31778
47379
23889
47421
24038
29418
45974
8546
10757
48214
44524
33526
45159
33123
38698
48060
25421
26186
2526
37991
36391
28138
12575
13917
3096
21051
24651
29442
41781
6881
42511
14655
38540
37735
38781
8368
6473
23146
47857
28278
12384
15946
13641
5229
43393
43479
12864
40871
29281
23153
29023
39512
44968
36940
36304
41000
1950
14541
11972
25454
5518
45730
48129
10131
1204
40424
24479
9884
17728
29732
49679
17733
24411
49502
32707
33122
19707
30533
16356
29344
6236
20587
45119
6177
2544
13635
18033
30630
5286
36442
8915
15308
17094
39315
7163
35660
22284
13000
36367
21913
40670
32653
48283
39237
22452
31108
27484
8299
33723
44739
1688
43775
11048
30168
45307
32011
21191
24140
8896
14710
12013
34399
41346
25191
43976
39615
43537
32262
40433
47822
2590
32425
14183
34294
47400
47541
14395
2205
36905
28464
17692
44634
29223
46330
20785
44120
2439
19037
12561
7867
6105
36383
2861
38680
28249
43357
207
34436
45588
33765
8911
32523
10038
40279
37842
22355
36824
25642
31474
47538
7744
36559
20774
40297
15227
8322
29446
12649
49726
35841
27958
41677
16830
32901
32459
40454
36851
11634
43918
18387
9799
88
24814
26663
26627
27438
34296
1514
27448
48209
27827
40735
10765
2773
12648
31811
47316
17620
44914
10670
27565
32913
28435
23238
40058
42823
19885
43508
26400
16408
12093
40716
31878
39116
31160
24175
43374
6191
47109
28215
44545
42421
35901
8720
27535
12697
1033
33037
17431
3582
37658
15743
23680
49976
26321
14766
19383
16180
13447
10781
30917
9686
38701
37182
45902
8997
10157
9951
9652
49689
33247
24846
7812
32526
39669
5990
34332
9610
16785
12981
17472
13183
46372
27011
1996
8096
20088
11089
48886
24023
1987
35673
34530
3432
7146
549
23737
28476
30529
8615
38861
19488
2522
7186
42412
46416
43265
14299
25770
33293
1804
31802
2067
11926
49449
36728
24347
48427
29617
4517
45574
21293
231
6556
10553
1573
47750
1144
20100
47110
11202
42582
11559
41631
254
43198
42754
14930
862
42520
22288
30758
31798
9914
8036
44483
46234
5046
17276
667
2863
28536
32256
36562
36639
25290
5291
2506
31231
29809
25142
29284
8161
46583
39137
16878
9875
19285
26865
45227
37957
5178
27973
3225
41155
5276
20682
19346
17905
32043
21237
26851
19406
13361
10395
39081
10618
31706
19954
12881
24736
287
2535
36920
36363
33368
43817
27254
49917
27835
44857
47271
31652
41973
49375
17386
2353
17735
33681
24804
29749
37530
13055
29923
35011
17384
20922
26178
18815
7359
9071
16526
624
44265
47625
17315
21768
24468
17496
3260
45924
2945
29267
13893
26149
19317
15343
13110
4140
14854
15135
19316
31890
42953
49155
43849
34267
18658
10621
25229
22554
49711
15766
42247
5503
11714
48021
37369
44246
35731
16865
16038
22195
49154
43671
23526
5329
30508
26084
14069
12527
10991
5998
49878
33363
9362
2783
46411
4901
42566
47223
43342
13714
22679
42193
26128
28062
12062
3431
25362
10673
35798
12027
28626
13230
47975
23713
43552
10595
38015
29568
46386
43258
27839
48939
48461
13324
3104
18344
26299
22889
47444
37398
14431
37916
1215
17652
28035
28125
20413
24495
