40739
45290
6358
45667
31620
4886
13931
27345
47869
48237
7888
48520
47848
24268
40005
7101
21088
45773
39599
47957
32778
1795
42440
46679
33924
37871
37140
19607
32759
8563
35285
1601
13845
2317
4863
41146
34720
15851
47476
1731
21926
19069
38247
39728
9344
24472
22265
32289
35438
37700
13795
33954
32725
8131
5953
24896
47934
17007
29234
11186
37521
12747
25272
34913
44490
47903
27330
6931
7464
12866
41979
12704
40658
12167
46396
17480
9823
12543
30759
23633
17562
41476
29220
27446
45784
14275
37798
37624
18996
28345
3796
2703
26496
38889
46614
6492
28391
23430
604
16830
